3,2
11,17
11,4
11,9
11,8
11,2
11,3
9,6
9,4
9,2
9,3
8,10
8,7
8,4
8,2
8,3
12,2
12,1
12,3
20,2
20,1
20,3
19,2
19,1
19,3
11,30
11,29
11,28
11,27
11,26
11,25
11,24
11,23
11,22
18,1
11,1
18,3
11,21
9,1
9,7
8,18
8,17
8,16
8,15
8,14
8,13
8,1
8,12
3,1
3,3
0,547
0,546
0,545
0,544
0,543
0,542
0,541
0,540
0,539
0,538
2,2
2,1
0,537
0,536
0,535
0,534
0,533
0,532
0,531
0,472
0,243
13,1
2,3
13,3
14,1
14,3
0,9
0,0
29,34
29,33
29,32
29,31
29,30
29,29
29,28
29,27
29,26
29,25
29,24
29,23
29,22
29,21
29,20
29,19
29,18
29,17
29,16
29,15
29,14
29,13
29,12
29,11
